
run,time,nls,ncms,delivered,recorded
273150,05/11/16 20:24:04,11,11,529687.304,383204.643
273158,05/11/16 20:43:22,1276,1276,53332439.954,50076464.154
273302,05/13/16 02:13:38,459,459,16891613.445,16204774.833
273402,05/14/16 01:49:19,193,193,6922515.355,6549429.314
273403,05/14/16 03:05:28,53,53,1909314.196,1813393.157
273404,05/14/16 03:31:50,18,18,643895.387,608061.760
273405,05/14/16 03:42:09,25,25,891123.315,829931.198
273406,05/14/16 03:56:09,112,112,3929706.664,3751947.140
273408,05/14/16 04:52:04,6,6,208018.116,179910.686
273409,05/14/16 04:56:42,309,309,10483730.614,9417038.397
273410,05/14/16 06:59:49,90,90,2968451.701,2727800.546
273411,05/14/16 07:38:50,29,29,789018.020,738158.247
273425,05/14/16 11:17:57,672,672,27781084.005,26414235.047
273426,05/14/16 15:44:50,60,60,2156214.268,2021069.150
273446,05/14/16 20:06:56,33,33,2236442.602,2092097.833
273447,05/14/16 20:26:10,412,412,26700287.711,25422768.656
273448,05/14/16 23:11:52,391,391,23442375.029,22305021.416
273449,05/15/16 01:50:28,208,208,11804826.095,11268444.336
273450,05/15/16 03:19:38,647,647,33636651.385,32211001.129
273492,05/16/16 09:07:34,267,267,12087012.687,11569597.857
273493,05/16/16 10:55:49,230,230,10215671.728,9817885.516
273494,05/16/16 12:28:42,192,192,8216537.842,7951505.686
273502,05/16/16 20:00:07,992,992,46095241.661,44390011.168
273503,05/17/16 02:31:27,598,598,24850229.152,24085300.870
273554,05/18/16 05:30:44,361,361,26029202.799,24962164.166
273555,05/18/16 07:55:51,173,173,11795967.242,11414840.443
273725,05/20/16 02:37:26,2463,2463,155151725.992,149982146.914
273728,05/20/16 19:02:26,99,99,4876825.134,4685481.880
273730,05/20/16 19:47:48,2804,2804,108134845.065,105164867.168
274094,05/27/16 02:21:04,225,225,9691148.091,9324648.371
274146,05/27/16 22:11:21,64,64,4946257.251,4695100.808
274157,05/28/16 11:50:04,426,426,38713498.899,36745596.399
274159,05/28/16 14:43:47,43,43,3704933.727,3282094.622
274160,05/28/16 15:02:52,207,207,17312690.050,16601912.014
274161,05/28/16 16:26:17,516,516,40333259.889,38952830.730
274172,05/29/16 00:45:19,65,65,6460826.043,5716986.572
274198,05/29/16 20:00:35,111,111,12067843.348,11107140.252
274199,05/29/16 20:45:20,623,623,63317012.482,60819659.748
274200,05/30/16 00:53:47,674,674,60109592.234,58324751.936
274240,05/30/16 13:59:19,82,82,10072171.087,9507006.536
274241,05/30/16 14:43:36,1168,1166,129526097.347,125054377.710
274244,05/30/16 22:37:51,593,593,55323952.162,53550838.458
274250,05/31/16 05:55:54,700,700,93672661.687,88651619.768
274251,05/31/16 10:30:55,546,546,63501120.508,61475595.531
274283,06/01/16 03:25:26,18,18,2697772.828,324497.825
274284,06/01/16 03:34:52,210,208,29433201.988,27767018.650
274286,06/01/16 05:04:18,154,154,20987576.233,20089118.824
274314,06/01/16 15:02:56,61,61,10311955.708,9268443.556
274315,06/01/16 15:32:33,424,423,68272767.504,64807206.598
274316,06/01/16 18:20:26,959,959,131747238.397,127368726.981
274317,06/02/16 00:39:53,3,3,376868.893,291530.744
274319,06/02/16 00:56:19,225,225,27591784.110,26686381.617
274335,06/02/16 09:10:43,944,944,143242174.680,137150622.782
274336,06/02/16 15:25:02,14,14,1930900.305,1678483.342
274337,06/02/16 15:33:18,15,15,2059128.268,1719476.479
274338,06/02/16 15:41:22,698,698,89689149.696,84585817.990
274339,06/02/16 20:15:41,82,82,9766002.955,9484099.376
274344,06/02/16 21:29:06,627,627,69074749.897,66784274.004
274345,06/03/16 01:37:46,170,170,17493499.009,16959670.417
274382,06/03/16 15:37:56,51,51,7497692.566,6979135.562
274387,06/03/16 19:10:09,352,352,57859097.027,54550059.999
274388,06/03/16 21:32:37,1820,1820,248241159.639,239289251.060
274420,06/04/16 20:17:21,175,175,27665776.723,26325311.948
274421,06/04/16 21:28:05,342,342,52610534.615,50496287.111
274422,06/04/16 23:46:51,2207,2207,270015291.865,261826731.850
274440,06/05/16 19:32:38,402,402,62226062.524,59677010.442
274441,06/05/16 22:13:06,431,431,62207460.096,60183496.036
274442,06/06/16 01:05:09,753,753,96842366.436,93659889.435
274443,06/06/16 06:14:37,50,50,6001218.029,5839890.274
274954,06/11/16 09:40:51,20,20,1078767.139,897799.397
274955,06/11/16 09:52:09,91,91,4657702.586,4443233.074
274968,06/11/16 22:51:22,1192,1192,189731596.103,181431363.788
274969,06/12/16 06:41:54,1003,1003,128519414.433,119710582.328
274970,06/12/16 13:12:54,47,47,5423777.377,4085336.529
274971,06/12/16 13:33:30,905,905,95968263.054,93000004.542
274998,06/13/16 04:19:54,718,718,112090743.633,106112171.450
274999,06/13/16 09:04:45,1241,1241,159419227.155,153920392.888
275000,06/13/16 17:15:34,136,136,15484716.367,14988515.840
275001,06/13/16 18:12:42,2061,2061,194312500.741,189247434.022
275059,06/14/16 16:49:52,60,60,10676711.772,9867200.844
275064,06/14/16 17:29:52,30,30,5662681.618,5393623.142
275066,06/14/16 17:45:35,96,96,17724066.938,16845775.800
275067,06/14/16 18:28:40,392,392,68124196.686,65634602.593
275068,06/14/16 21:05:49,915,915,137451208.618,132159795.371
275073,06/15/16 03:32:47,517,517,66019714.857,63689866.185
275074,06/15/16 06:56:59,646,646,73571498.657,71277972.080
275124,06/15/16 17:50:25,325,325,54499334.116,52047999.273
275125,06/15/16 20:00:23,989,989,145476349.583,139253143.583
275282,06/17/16 00:06:15,90,90,14491574.799,13734322.111
275283,06/17/16 00:43:12,132,132,21723072.437,20684663.649
275284,06/17/16 01:36:55,108,108,17321755.444,16632964.902
275285,06/17/16 02:21:46,1,1,158288.704,116825.464
275286,06/17/16 02:27:40,87,87,13577779.987,12995779.215
275289,06/17/16 03:12:52,19,19,2915258.265,1003114.134
275290,06/17/16 03:22:03,143,143,21539518.263,7444130.740
275291,06/17/16 04:28:36,347,347,49516930.861,47939739.964
275292,06/17/16 06:46:48,121,121,15298942.878,14580955.535
275293,06/17/16 07:37:27,200,200,24243108.910,23421902.756
275309,06/17/16 13:48:15,563,563,79593917.391,76684705.667
275310,06/17/16 17:32:53,1929,1929,216049009.634,209464152.721
275311,06/18/16 06:07:07,1253,1253,104238465.886,101754737.472
275319,06/18/16 18:56:15,142,142,23705499.463,22486476.501
275337,06/18/16 21:26:04,427,427,65811603.432,63197428.797
275338,06/19/16 00:15:37,520,520,71976424.675,69650998.353
275344,06/19/16 08:18:25,281,281,47920567.977,46021230.121
275345,06/19/16 10:12:11,353,353,57116418.355,54617513.320
275370,06/19/16 16:19:29,285,285,49647910.170,47205662.305
275371,06/19/16 18:16:50,564,564,90385542.112,86508265.700
275375,06/20/16 02:17:12,1323,1323,199506308.480,192088612.599
275376,06/20/16 10:55:03,3095,3095,314140525.705,305912370.912
275657,06/24/16 03:32:31,105,105,18225564.774,16698164.291
275658,06/24/16 04:16:08,337,337,57701456.660,54618939.438
275659,06/24/16 06:31:38,17,17,2790027.672,2694912.044
275757,06/25/16 03:45:05,17,17,3453378.391,3085041.806
275758,06/25/16 03:59:02,4,4,803245.010,735565.623
275759,06/25/16 04:05:31,6,6,1200290.658,1111911.390
275761,06/25/16 04:24:16,9,9,1767577.611,1548141.473
275767,06/25/16 05:31:36,4,4,743929.572,656380.352
275772,06/25/16 06:28:17,56,56,9999471.243,9618543.258
275773,06/25/16 06:53:33,7,7,1232129.790,1100058.047
275774,06/25/16 07:01:55,312,312,53602371.909,51243761.806
275776,06/25/16 09:11:22,140,140,22859731.280,21704622.316
275777,06/25/16 10:12:23,300,300,46632544.229,44779647.721
275778,06/25/16 12:13:15,305,305,44402823.787,42803058.770
275781,06/25/16 14:30:08,29,29,4038577.083,3899715.614
275782,06/25/16 14:44:48,762,762,97371991.173,93726322.348
275832,06/26/16 17:18:04,367,367,71469394.885,67007892.108
275833,06/26/16 19:45:08,251,251,45053363.048,43426551.890
275834,06/26/16 21:26:02,297,297,49855923.881,47963192.434
275835,06/26/16 23:24:23,13,13,2139721.917,1940035.245
275836,06/26/16 23:32:01,1292,1292,185087515.630,176666646.362
275837,06/27/16 07:59:13,715,715,81050520.797,78608179.241
275841,06/27/16 13:17:38,50,50,5257264.441,5112269.364
275846,06/27/16 13:53:32,6,6,622395.980,570609.331
275847,06/27/16 13:59:23,2263,2263,194958528.710,190306837.192
275886,06/28/16 08:40:35,45,45,9020355.773,8265684.482
275887,06/28/16 09:06:36,48,48,9388135.238,8507283.910
275890,06/28/16 09:27:45,1393,1393,229454233.126,220340905.351
275911,06/29/16 01:49:35,379,379,71404902.849,68368524.542
275912,06/29/16 04:21:24,289,289,50603475.889,48642778.206
275913,06/29/16 06:19:55,475,475,76019089.789,72250683.120
275918,06/29/16 09:29:21,361,361,52817241.502,51017596.193
275920,06/29/16 11:56:25,459,459,60629986.646,58221287.558
275921,06/29/16 14:59:31,22,22,2798924.706,2553177.766
275922,06/29/16 15:13:10,3,3,379668.998,261506.557
275923,06/29/16 15:17:42,126,126,15707872.504,15140486.992
275931,06/29/16 16:34:22,89,89,10699338.890,10403079.057
275963,06/30/16 01:02:54,91,91,18786344.148,17797004.901
276064,06/30/16 19:18:43,22,22,4362339.309,99660.882
276092,07/01/16 02:14:32,76,76,14617682.344,13605931.327
276095,07/01/16 02:56:44,5,5,994140.577,196070.746
276097,07/01/16 03:07:31,507,507,94213545.439,90409260.281
276242,07/02/16 14:05:35,1664,1664,263878326.848,251232624.173
276243,07/03/16 00:56:20,610,610,76713462.273,72353563.349
276244,07/03/16 05:04:17,1200,1200,127796712.475,123244848.544
276282,07/03/16 18:15:01,1068,1068,195210962.950,187258583.115
276283,07/04/16 01:14:13,1085,1085,159457738.762,153369976.046
276315,07/04/16 11:19:05,178,178,33053328.856,31306144.050
276317,07/04/16 12:33:38,136,136,24789772.319,23903296.787
276318,07/04/16 13:30:32,568,568,92881378.126,89703458.838
276327,07/04/16 17:27:44,60,60,9161339.535,8936608.441
276352,07/04/16 21:20:19,38,38,7528260.646,6960649.883
276355,07/04/16 21:39:48,33,33,5869895.193,5624081.802
276357,07/04/16 22:00:35,74,74,14216535.319,13610958.556
276361,07/04/16 22:36:17,826,826,141896541.346,136491661.419
276363,07/05/16 04:07:36,1481,1481,198899490.224,190213846.562
276384,07/05/16 13:47:06,1116,1116,115679234.550,112374999.791
276437,07/06/16 02:58:47,2129,2129,343761818.353,330509523.612
276454,07/06/16 18:08:16,527,527,62548594.897,60744665.788
276458,07/07/16 02:00:22,341,341,32297983.378,31558345.896
276495,07/07/16 11:20:58,182,182,41624467.474,39724383.947
276501,07/07/16 12:47:40,2544,2544,434313960.673,418557225.471
276502,07/08/16 05:21:18,740,740,91072687.251,88340222.533
276525,07/08/16 14:15:18,2805,2805,436315556.730,421719949.896
276527,07/09/16 08:34:42,214,214,23875381.275,23127145.501
276528,07/09/16 10:01:49,391,391,40522995.799,39479611.114
276542,07/09/16 16:32:23,784,784,162870297.449,154924496.134
276543,07/09/16 21:39:41,948,948,160079046.761,154313914.252
276544,07/10/16 03:53:47,160,160,23789758.359,22850823.151
276545,07/10/16 04:59:25,212,212,29468115.213,28469709.463
276581,07/10/16 12:24:16,366,366,80533466.758,77318214.110
276582,07/10/16 14:52:29,871,871,162107333.741,156580768.679
276583,07/10/16 20:34:29,52,52,8601783.315,8157958.873
276584,07/10/16 20:59:18,2,2,328226.298,194389.750
276585,07/10/16 21:31:21,242,242,37886716.166,36299460.480
276586,07/10/16 23:10:32,751,751,104063429.361,100653752.221
276587,07/11/16 04:13:22,1006,1006,115151534.884,111036627.822
276653,07/12/16 00:12:31,479,479,93564456.039,90169115.102
276655,07/12/16 03:26:27,1106,1106,179063582.225,168152162.567
276659,07/12/16 10:39:14,252,252,34204862.683,31276724.996
276775,07/12/16 21:26:20,1165,1165,222078295.493,210692911.427
276776,07/13/16 05:02:29,1823,1823,247027708.531,238633407.473
276794,07/13/16 17:05:19,885,885,90045760.456,87751012.086
276807,07/14/16 03:24:10,155,155,32838849.616,30992166.798
276808,07/14/16 04:28:59,875,875,166709981.846,160297698.650
276810,07/14/16 10:15:45,287,287,47261002.308,45278371.000
276811,07/14/16 12:15:34,2562,2562,313857000.445,304139281.513
276831,07/15/16 07:47:45,2634,2634,420243073.183,404218243.946
276832,07/16/16 01:12:13,67,67,7716692.100,7484871.877
276834,07/16/16 01:42:10,719,719,75564823.670,72678946.391
276870,07/16/16 11:02:01,3407,3407,548905217.856,528778142.485
276935,07/17/16 23:39:55,828,828,181230321.051,171667636.082
276940,07/18/16 08:13:36,144,144,34318838.230,29022068.121
276946,07/18/16 09:56:36,27,27,6225281.340,4291749.524
276947,07/18/16 10:11:19,132,132,29489636.366,24785826.937
276948,07/18/16 11:09:46,474,474,96113566.712,86444535.201
276950,07/18/16 14:16:46,2353,2353,336878715.217,322546259.567
277069,07/19/16 17:52:15,309,309,79543795.721,75979622.660
277070,07/19/16 19:54:10,1058,1058,217202102.701,206239568.886
277071,07/20/16 02:48:37,171,171,27257006.357,24523396.321
277072,07/20/16 04:01:41,466,466,71489009.032,68982929.237
277073,07/20/16 07:09:54,90,90,13625339.952,13206866.645
277076,07/20/16 07:55:58,1037,1037,136025499.478,130497886.616
277087,07/20/16 17:49:22,988,988,91572496.523,88428817.944
277094,07/21/16 04:03:57,584,584,142150522.023,136408799.180
277096,07/21/16 07:56:15,2085,2085,346256167.198,333015883.828
277112,07/21/16 21:29:35,155,155,18608586.893,17944547.109
277126,07/22/16 01:36:48,18,18,4453927.167,1971550.119
277127,07/22/16 01:46:10,902,902,191667865.624,184246589.573
277148,07/22/16 10:31:05,616,616,134083041.795,128293074.957
277166,07/22/16 18:10:24,354,354,74628398.969,70897810.754
277168,07/22/16 20:34:54,2219,2219,330348313.256,318695153.840
277180,07/23/16 13:37:58,141,141,33571310.512,31160351.077
277194,07/23/16 18:25:08,1938,1938,387009062.058,367713676.235
277305,07/25/16 01:23:15,683,683,162109964.813,153391878.162
277420,07/25/16 19:45:02,260,260,64349452.452,60780949.852
277981,08/01/16 11:53:00,76,76,4883743.371,4522432.077
277991,08/01/16 15:43:57,85,85,4876613.408,4631619.684
277992,08/01/16 16:22:25,312,312,17420874.960,16558392.164
278017,08/01/16 23:26:44,513,513,132412292.684,125343269.670
278018,08/02/16 02:52:02,1157,1157,225414376.010,214672918.521
278167,08/03/16 18:39:02,2168,2168,328592879.296,314968286.966
278175,08/04/16 08:44:59,88,88,9174600.148,8945707.002
278193,08/04/16 12:31:45,155,155,36243131.155,34538258.425
278239,08/04/16 23:23:01,663,663,142182540.148,133616369.510
278240,08/05/16 03:46:55,1306,1306,206039457.638,197802613.311
278273,08/05/16 17:37:20,36,36,7170915.899,5855715.406
278274,08/05/16 17:55:42,84,84,19346487.849,18035759.650
278288,08/05/16 21:11:13,15,15,3734362.265,2855868.116
278289,08/05/16 21:18:03,51,51,11225299.504,9647860.057
278290,08/05/16 21:42:35,11,11,2611269.395,2422003.011
278308,08/06/16 13:00:40,1785,1785,336666807.841,320602231.086
278309,08/07/16 00:39:31,10,10,1408221.225,1318406.859
278310,08/07/16 00:47:38,708,708,90743586.583,87850545.985
278315,08/07/16 10:56:52,695,695,149834605.218,137643685.638
278345,08/08/16 00:13:40,748,748,164012696.206,150737217.648
278346,08/08/16 05:08:16,117,117,22194494.551,21128205.485
278349,08/08/16 06:27:07,631,631,101525472.517,96941728.659
278366,08/08/16 10:36:49,453,453,61257413.550,59099630.530
278406,08/08/16 17:15:51,1598,1598,313461111.884,297450485.262
278509,08/09/16 18:29:15,1467,1467,295099673.134,273727575.866
278769,08/13/16 06:38:57,30,30,7844521.583,7237295.444
278770,08/13/16 06:54:01,767,767,171616830.043,164426779.975
278801,08/13/16 14:43:37,38,38,10174021.071,7830967.251
278802,08/13/16 15:01:06,17,17,4079050.725,1705727.194
278803,08/13/16 15:10:53,318,318,77546865.519,71678317.758
278804,08/13/16 17:20:07,4,4,914210.533,738875.680
278805,08/13/16 17:23:58,277,277,59957046.205,56247251.172
278808,08/13/16 19:25:19,1793,1793,279957775.846,269540246.446
278820,08/14/16 11:00:52,1517,1517,299388994.560,287580218.168
278821,08/14/16 21:34:58,35,35,5175254.582,4611758.520
278822,08/14/16 21:52:48,1627,1627,195829703.522,189724216.453
278873,08/15/16 23:25:46,60,60,11395453.151,2012170.727
278874,08/15/16 23:51:54,477,477,87347306.763,82142606.265
278875,08/16/16 03:01:21,833,833,120442190.682,115088005.081
278923,08/16/16 12:16:33,413,413,103255455.413,98881487.089
278957,08/16/16 21:31:37,149,149,37843041.606,36288211.029
278962,08/17/16 01:08:32,341,341,82193132.358,76386869.651
278963,08/17/16 03:24:58,175,175,38927227.516,37428178.675
278969,08/17/16 07:16:53,1388,1388,297017892.280,284107315.973
278975,08/17/16 16:23:17,848,848,125599155.050,119935613.725
278976,08/17/16 21:58:17,20,20,2645822.298,2550279.109
278986,08/18/16 04:03:00,129,129,33702920.547,31606691.037
279024,08/18/16 22:31:54,301,301,52338495.535,49722296.932
279029,08/19/16 02:19:42,260,260,39991591.257,38016732.441
279071,08/19/16 15:40:07,174,174,23618439.782,22701025.325
279080,08/19/16 22:42:51,157,157,13094260.807,12624985.386
279115,08/20/16 22:08:10,407,407,87971980.552,84666662.270
279116,08/21/16 01:36:04,448,448,94868042.911,91044986.125
279479,08/25/16 04:33:24,105,105,6484905.947,6139568.949
279588,08/25/16 21:08:12,1160,1160,237990796.034,229610033.217
279653,08/26/16 14:05:53,181,181,45217161.887,43557304.258
279654,08/26/16 15:21:58,1246,1246,249444924.689,241393320.297
279656,08/26/16 23:49:41,43,43,6721936.030,5674487.830
279658,08/27/16 01:35:20,712,712,95660744.850,93009565.066
279667,08/27/16 09:08:24,966,966,216621211.955,209474853.158
279681,08/27/16 21:57:03,28,28,7288750.683,6676736.837
279682,08/27/16 22:11:02,33,33,8620774.486,7779786.051
279683,08/27/16 22:32:16,26,26,6700046.445,6345290.216
279684,08/27/16 22:47:00,22,22,5544120.275,5283743.972
279685,08/27/16 23:07:12,209,209,50293800.316,48694639.328
279691,08/28/16 03:41:27,43,43,10247051.708,9628620.611
279694,08/28/16 04:03:10,2235,2235,416133732.919,404202553.537
279715,08/28/16 22:01:35,621,621,143779017.576,138190389.779
279716,08/29/16 02:17:07,1653,1653,265380059.026,258553290.596
279760,08/29/16 20:21:24,662,662,160755513.558,155474600.772
279766,08/30/16 01:08:37,1689,1689,276198945.730,268295316.970
279767,08/30/16 12:08:03,776,776,90978122.689,88962902.858
279794,08/30/16 23:41:02,1024,1024,230549758.259,223644595.969
279823,08/31/16 10:00:40,335,335,84438478.486,81899625.440
279841,08/31/16 15:23:18,2040,2040,392569670.589,380260615.967
279844,09/01/16 07:21:17,224,224,59165164.841,56480799.726
279887,09/01/16 23:20:53,316,316,76049135.496,72932440.143
279931,09/02/16 11:37:40,2937,2937,485597876.057,471014256.722
279966,09/03/16 09:20:25,363,363,95862775.897,91937407.206
279975,09/03/16 14:45:09,1052,1052,251432820.371,242326873.617
279993,09/04/16 00:23:27,72,72,19293510.097,18070219.449
279994,09/04/16 00:56:49,47,47,13055991.600,12319837.949
279995,09/04/16 01:20:34,8,8,2176020.181,1248916.263
280002,09/04/16 01:55:31,111,106,28210679.478,26502124.093
280006,09/04/16 02:44:22,68,68,16529046.041,15836606.361
280007,09/04/16 03:14:22,36,36,8521199.033,8195554.515
280013,09/04/16 03:35:47,25,25,5771717.001,5543784.363
280015,09/04/16 03:55:20,580,580,118978945.131,114517521.415
280016,09/04/16 07:42:18,149,149,26890768.112,25939261.709
280017,09/04/16 08:45:47,608,608,98070923.272,95246177.250
280018,09/04/16 12:47:05,1281,1281,157878847.953,153748413.834
280020,09/04/16 21:15:15,45,45,4607400.260,4440468.242
280024,09/04/16 21:47:41,427,427,40981717.588,40237256.953
280187,09/05/16 20:24:23,56,56,14227596.352,13111550.964
280188,09/05/16 20:50:26,245,245,63544055.321,60953405.898
280191,09/05/16 22:40:17,898,898,182829317.372,176260788.561
280194,09/06/16 05:36:21,238,238,36909243.684,35807646.027
280242,09/06/16 15:43:40,625,625,151833922.702,145781747.717
280249,09/06/16 19:52:07,1432,1432,240589922.141,232824413.094
280251,09/07/16 05:14:58,371,371,46750270.449,45538349.828
280327,09/08/16 08:23:14,37,37,9644267.158,8775980.513
280330,09/08/16 08:46:53,857,857,194063397.270,186895902.449
280349,09/08/16 14:27:23,624,624,108417313.815,104864807.944
280363,09/08/16 18:47:24,359,359,51480198.339,49786726.911
280364,09/08/16 21:09:58,1350,1350,159391125.079,153813945.139
280383,09/09/16 08:41:14,2,2,552472.407,250567.877
280384,09/09/16 08:49:13,33,33,8442439.047,7847281.742
280385,09/09/16 09:11:36,2015,2015,379695708.541,365980409.289
281613,09/25/16 06:03:33,791,791,10995691.738,9489933.754
281639,09/26/16 07:45:15,132,132,20553170.477,19289385.692
281641,09/26/16 09:34:34,319,319,41324055.577,39576657.986
281686,09/26/16 16:25:02,20,20,5587507.007,5282408.224
281691,09/26/16 16:48:30,14,14,3799569.184,3607005.371
281693,09/26/16 16:57:02,2191,2191,391960060.705,379061163.791
281707,09/27/16 09:47:30,967,967,228231933.658,218848705.742
281726,09/27/16 16:14:38,288,288,51187657.956,49449116.094
281727,09/27/16 18:10:04,1605,1605,206264092.306,200437252.780
281797,09/28/16 12:04:49,2052,2052,412327441.787,397535330.468
281975,09/30/16 03:23:13,215,215,58650350.312,54084407.319
281976,09/30/16 04:48:03,2166,2166,352339912.429,338891186.241
282033,09/30/16 21:30:44,36,36,8985874.877,8276293.928
282034,09/30/16 21:48:05,33,33,9409445.228,8690099.855
282035,09/30/16 22:03:02,40,40,11061239.975,9499631.628
282037,09/30/16 22:24:15,1862,1862,345463385.074,331437692.281
282092,10/02/16 13:49:38,2185,2185,403906899.600,390957899.143
282708,10/09/16 08:39:31,8,8,2545670.154,2158690.756
282710,10/09/16 08:49:08,3,3,933947.592,352544.782
282712,10/09/16 09:00:13,60,60,17669294.142,16825574.722
282730,10/09/16 12:41:53,76,76,22783173.549,20831308.954
282731,10/09/16 13:13:59,172,172,51040421.873,48194774.058
282732,10/09/16 14:23:16,69,69,19015389.602,18268678.057
282733,10/09/16 14:52:27,177,177,45301976.570,43581029.751
282734,10/09/16 16:03:11,327,327,73726406.831,71045057.944
282735,10/09/16 18:12:40,1819,1819,277761049.153,269943712.143
282800,10/10/16 14:17:15,377,377,98206987.102,94509672.197
282807,10/10/16 16:48:03,326,326,74965568.577,71034957.361
282814,10/10/16 18:58:58,1843,1843,284758912.814,276016667.912
282842,10/11/16 10:34:00,80,80,24679968.169,23688094.907
282917,10/12/16 01:27:07,74,74,18974273.252,18031742.610
282918,10/12/16 02:00:23,51,51,13486710.328,12930662.938
282919,10/12/16 02:23:36,243,243,59447255.925,57321275.712
282922,10/12/16 05:09:33,131,131,27345787.132,25500162.816
282923,10/12/16 06:04:20,222,222,43014881.745,40969149.114
282924,10/12/16 07:34:43,1,1,179480.433,167989.243
283042,10/12/16 22:38:59,6,6,1416790.429,1255067.005
283043,10/12/16 22:44:17,517,517,119369555.206,114263515.730
283049,10/13/16 05:05:17,12,12,3900691.753,3136916.812
283050,10/13/16 05:13:25,212,212,61844998.934,57737136.472
283052,10/13/16 06:45:20,111,111,30082485.182,28666098.025
283059,10/13/16 08:00:56,450,450,102893152.029,98698778.913
283270,10/14/16 18:39:48,1833,1833,406475699.336,393007456.102
283283,10/15/16 06:37:09,1744,1744,203949161.634,198991468.257
283305,10/15/16 21:41:13,7,7,2269218.724,1467050.366
283306,10/15/16 21:46:57,289,289,83198569.472,79680308.925
283307,10/15/16 23:43:44,454,454,107520141.595,102934510.356
283308,10/16/16 02:46:26,970,970,172708136.204,166317572.821
283353,10/16/16 19:55:17,743,743,203709139.598,196566602.376
283358,10/17/16 00:50:20,981,981,183906141.305,174694243.282
283359,10/17/16 07:15:19,428,428,62443918.083,60964734.003
283407,10/17/16 21:54:07,33,33,11520228.760,10341095.209
283408,10/17/16 22:10:43,2344,2344,478448062.968,462106884.060
283416,10/18/16 14:57:31,243,243,27622449.357,21389422.535
283453,10/18/16 19:07:49,455,455,132325792.578,126772079.721
283469,10/19/16 01:09:36,1,1,346160.493,32391.264
283478,10/19/16 04:13:19,894,894,229069532.727,220597520.345
283548,10/19/16 22:58:39,144,144,28009157.167,27087529.469
283680,10/21/16 03:17:52,81,81,20369320.535,19576914.513
283681,10/21/16 03:56:07,17,17,4149262.353,3940845.059
283682,10/21/16 04:08:38,384,384,84879428.424,82320724.926
283685,10/21/16 06:39:38,314,314,21623013.700,20509144.873
283820,10/21/16 20:48:18,1482,1482,273885964.635,264965547.719
283830,10/22/16 06:27:26,722,722,106468881.961,103572645.730
283834,10/22/16 11:11:28,81,81,10333507.844,9076818.961
283835,10/22/16 11:45:28,111,111,13061763.239,11378246.556
283865,10/22/16 17:30:09,1177,1177,280778312.595,271419155.663
283876,10/23/16 03:38:50,657,657,176283589.354,169705929.632
283877,10/23/16 07:59:53,1496,1496,256967764.305,248939732.929
283884,10/23/16 23:44:05,404,404,110261615.729,105347508.501
283885,10/24/16 02:25:30,1723,1723,302435512.963,293868269.282
283933,10/24/16 18:32:31,145,145,43954864.794,41942549.761
283934,10/24/16 19:33:15,1291,1291,291083567.018,280399703.471
283946,10/25/16 07:30:41,1377,1377,317562957.573,305723477.635
283964,10/25/16 16:29:30,388,388,60338975.651,58491883.280
284006,10/26/16 01:53:26,318,318,60170527.463,58101527.846
284014,10/26/16 03:59:16,266,266,49329943.048,48024950.660
284025,10/26/16 08:56:43,48,48,13024173.710,12562234.239
284029,10/26/16 09:19:00,112,112,32660552.629,30777603.169
284035,10/26/16 10:04:52,360,360,92363197.443,89318144.465
284036,10/26/16 12:28:09,346,346,75650933.459,72542485.350
284037,10/26/16 14:48:03,340,340,64641539.206,62659366.547
284038,10/26/16 17:02:16,55,55,9704735.649,9103139.514
284039,10/26/16 17:27:02,30,30,5194079.983,4793710.586
284040,10/26/16 17:42:19,33,33,5643160.639,5437642.817
284041,10/26/16 17:59:11,44,44,7191924.542,6783118.868
284042,10/26/16 18:23:53,129,129,20476746.837,19588662.456
284043,10/26/16 19:17:23,220,220,32179827.286,31443732.641
284044,10/26/16 20:46:05,30,30,4327047.461,4242405.533

